9 0.448630 0.490071 0.577761 0.490071 0.577761 0.532237 0.448630 0.532237
8 0.291753 0.489474 0.440103 0.489474 0.440103 0.531640 0.291753 0.531640
7 0.435626 0.532864 0.583991 0.532864 0.583991 0.591700 0.435626 0.591700
5 0.287054 0.533320 0.435420 0.533320 0.435420 0.592156 0.287054 0.592156
4 0.493903 0.662460 0.591208 0.662460 0.591208 0.717267 0.493903 0.717267
3 0.386303 0.664666 0.483608 0.664666 0.483608 0.719474 0.386303 0.719474
2 0.277069 0.665233 0.374374 0.665233 0.374374 0.720040 0.277069 0.720040
6 0.558130 0.603421 0.639411 0.603421 0.639411 0.652682 0.558130 0.652682
1 0.445714 0.605628 0.526981 0.605628 0.526981 0.654889 0.445714 0.654889
0 0.342622 0.606883 0.423888 0.606883 0.423888 0.656144 0.342622 0.656144
12 0.371237 0.303927 0.480383 0.303927 0.480383 0.361083 0.371237 0.361083
