0 0.420044 0.564990 0.501267 0.564990 0.501267 0.613360 0.420044 0.613360
12 0.404404 0.270202 0.486834 0.270202 0.486834 0.325597 0.404404 0.325597
5 0.353731 0.500858 0.495722 0.492321 0.502499 0.545559 0.360508 0.554096
7 0.497253 0.491771 0.624822 0.484101 0.631598 0.537328 0.504029 0.544999
8 0.346258 0.458463 0.488248 0.449925 0.493212 0.488916 0.351221 0.497453
9 0.492751 0.449689 0.610886 0.442586 0.615850 0.481576 0.497715 0.488679
1 0.514786 0.560628 0.596009 0.560628 0.596009 0.608998 0.514786 0.608998
6 0.615862 0.553603 0.697069 0.553603 0.697069 0.601974 0.615862 0.601974
2 0.383638 0.623057 0.464860 0.623057 0.464860 0.680162 0.383638 0.680162
3 0.479293 0.617874 0.560515 0.617874 0.560515 0.674970 0.479293 0.674970
4 0.574948 0.611670 0.656171 0.611670 0.656171 0.668765 0.574948 0.668765
