6 0.577320 0.561974 0.654919 0.561974 0.654919 0.605800 0.577320 0.605800
12 0.344418 0.300223 0.435376 0.300223 0.435376 0.352024 0.344418 0.352024
0 0.367953 0.584302 0.456392 0.584302 0.456392 0.631022 0.367953 0.631022
1 0.469926 0.572925 0.558351 0.572925 0.558351 0.619646 0.469926 0.619646
2 0.332754 0.643209 0.427246 0.643209 0.427246 0.703543 0.332754 0.703543
3 0.436215 0.632267 0.530707 0.632267 0.530707 0.692601 0.436215 0.692601
5 0.305058 0.525272 0.438211 0.508147 0.453734 0.565153 0.320582 0.582278
7 0.438608 0.507295 0.571745 0.490172 0.587269 0.547178 0.454131 0.564302
8 0.291854 0.487659 0.425006 0.470533 0.435068 0.507483 0.301916 0.524608
9 0.431707 0.468123 0.564844 0.451000 0.574906 0.487950 0.441768 0.505073
4 0.534271 0.621103 0.628763 0.621103 0.628763 0.681437 0.534271 0.681437
