12 0.502518 0.284494 0.583741 0.284494 0.583741 0.335344 0.502518 0.335344
5 0.461408 0.518471 0.592771 0.505301 0.603452 0.555618 0.472089 0.568788
7 0.597872 0.504346 0.734569 0.490640 0.745250 0.540958 0.608553 0.554663
8 0.452541 0.466862 0.583904 0.453691 0.594587 0.504019 0.463224 0.517189
9 0.589110 0.451983 0.720474 0.438813 0.731155 0.489130 0.599791 0.502301
0 0.528380 0.582186 0.605390 0.582186 0.605390 0.627247 0.528380 0.627247
1 0.631252 0.573300 0.708262 0.573300 0.708262 0.618360 0.631252 0.618360
6 0.735935 0.562966 0.812946 0.562966 0.812946 0.608026 0.735935 0.608026
2 0.483859 0.643998 0.574669 0.643998 0.574669 0.700607 0.483859 0.700607
3 0.588247 0.634504 0.679057 0.634504 0.679057 0.691113 0.588247 0.691113
4 0.688115 0.623340 0.778925 0.623340 0.778925 0.679949 0.688115 0.679949
