12 0.410471 0.296893 0.476657 0.296893 0.476657 0.339484 0.410471 0.339484
5 0.276848 0.455762 0.404869 0.471117 0.393697 0.515108 0.265676 0.499753
7 0.406788 0.471897 0.534794 0.487250 0.523625 0.531231 0.395619 0.515877
8 0.291280 0.408637 0.419286 0.423991 0.408117 0.467972 0.280110 0.452618
9 0.422157 0.432118 0.550163 0.447471 0.540744 0.484562 0.412738 0.469209
0 0.308203 0.518512 0.371370 0.518512 0.371370 0.564403 0.308203 0.564403
1 0.395729 0.530304 0.458895 0.530304 0.458895 0.576194 0.395729 0.576194
2 0.244713 0.565445 0.322327 0.565445 0.322327 0.611336 0.244713 0.611336
3 0.331355 0.577024 0.408954 0.577024 0.408954 0.621255 0.331355 0.621255
4 0.420383 0.587358 0.497997 0.587358 0.497997 0.631589 0.420383 0.631589
6 0.479956 0.541883 0.557555 0.541883 0.557555 0.586113 0.479956 0.586113
