0 0.472077 0.673472 0.552209 0.673472 0.552209 0.715648 0.472077 0.715648
1 0.573873 0.670992 0.639573 0.670992 0.639573 0.717136 0.573873 0.717136
2 0.438866 0.724079 0.513225 0.724079 0.513225 0.772702 0.438866 0.772702
3 0.525508 0.722591 0.605641 0.722591 0.605641 0.772206 0.525508 0.772206
4 0.620074 0.722095 0.699485 0.722095 0.699485 0.768239 0.620074 0.768239
12 0.504713 0.401488 0.585567 0.401488 0.585567 0.452591 0.504713 0.452591
6 0.664831 0.670000 0.734860 0.670000 0.734860 0.713664 0.664831 0.713664
5 0.432371 0.606984 0.560869 0.606984 0.560869 0.659585 0.432371 0.659585
7 0.562312 0.607986 0.692268 0.607986 0.692268 0.660081 0.562312 0.660081
8 0.433093 0.569281 0.552209 0.569281 0.552209 0.606488 0.433093 0.606488
9 0.567378 0.566802 0.680722 0.566802 0.680722 0.606488 0.567378 0.606488
