12 0.491090 0.417621 0.566892 0.417621 0.566892 0.469312 0.491090 0.469312
5 0.387629 0.639241 0.532607 0.639241 0.532607 0.695881 0.387629 0.695881
7 0.534698 0.639038 0.679676 0.639038 0.679676 0.695678 0.534698 0.695678
8 0.387305 0.595243 0.532283 0.595243 0.532283 0.638209 0.387305 0.638209
9 0.535906 0.594190 0.680884 0.594190 0.680884 0.637166 0.535906 0.637166
0 0.445965 0.711174 0.515155 0.711174 0.515155 0.761204 0.445965 0.761204
1 0.550339 0.709322 0.619529 0.709322 0.619529 0.759352 0.550339 0.759352
6 0.656819 0.708087 0.726009 0.708087 0.726009 0.758117 0.656819 0.758117
2 0.381281 0.768036 0.470898 0.768036 0.470898 0.824291 0.381281 0.824291
3 0.485979 0.768644 0.575596 0.768644 0.575596 0.824899 0.485979 0.824899
4 0.593063 0.765749 0.682680 0.765749 0.682680 0.822004 0.593063 0.822004
