4 0.447437 0.613512 0.523166 0.613512 0.523166 0.661012 0.447437 0.661012
6 0.510633 0.577551 0.575508 0.577551 0.575508 0.613047 0.510633 0.613047
3 0.357791 0.603168 0.433520 0.603168 0.433520 0.650678 0.357791 0.650678
2 0.264801 0.591984 0.340545 0.591984 0.340545 0.639494 0.264801 0.639494
1 0.420029 0.561387 0.481988 0.561387 0.481988 0.602328 0.420029 0.602328
0 0.328262 0.550860 0.390221 0.550860 0.390221 0.591791 0.328262 0.591791
9 0.441933 0.451948 0.571031 0.466000 0.559937 0.514135 0.430840 0.500083
8 0.306572 0.436239 0.435670 0.450292 0.424577 0.498426 0.295479 0.484374
7 0.425099 0.501149 0.554182 0.515200 0.543089 0.563335 0.414006 0.549284
5 0.294275 0.486705 0.423372 0.500757 0.412279 0.548892 0.283181 0.534840
12 0.415169 0.320132 0.492165 0.320132 0.492165 0.365202 0.415169 0.365202
