4 0.564359 0.806397 0.646318 0.806397 0.646318 0.856518 0.564359 0.856518
3 0.465596 0.797966 0.547570 0.797966 0.547570 0.848087 0.465596 0.848087
2 0.369087 0.791093 0.451060 0.791093 0.451060 0.841215 0.369087 0.841215
6 0.628247 0.755607 0.699897 0.755607 0.699897 0.802621 0.628247 0.802621
1 0.528203 0.747621 0.599853 0.747621 0.599853 0.794636 0.528203 0.794636
0 0.432342 0.741852 0.503991 0.741852 0.503991 0.788877 0.432342 0.788877
9 0.548005 0.644288 0.685134 0.655692 0.678284 0.694599 0.541154 0.683194
8 0.408469 0.618782 0.545598 0.630187 0.536288 0.683060 0.399159 0.671655
7 0.536275 0.683095 0.673390 0.694498 0.664078 0.747381 0.526963 0.735978
5 0.400060 0.674207 0.537190 0.685612 0.527878 0.738495 0.390749 0.727091
12 0.526583 0.470385 0.613063 0.470385 0.613063 0.529383 0.526583 0.529383
