8 0.462286 0.420301 0.571875 0.429548 0.565358 0.466025 0.455769 0.456778
1 0.557290 0.532672 0.623461 0.532672 0.623461 0.578158 0.557290 0.578158
6 0.644566 0.542561 0.709514 0.542561 0.709514 0.585597 0.644566 0.585597
4 0.580722 0.590142 0.656568 0.590142 0.656568 0.639767 0.580722 0.639767
3 0.495287 0.582287 0.571149 0.582287 0.571149 0.631913 0.495287 0.631913
2 0.407482 0.572783 0.483328 0.572783 0.483328 0.622399 0.407482 0.622399
0 0.470044 0.526043 0.536215 0.526043 0.536215 0.571518 0.470044 0.571518
7 0.564950 0.466252 0.683383 0.476246 0.673548 0.531298 0.555114 0.521304
5 0.446187 0.456474 0.564635 0.466469 0.554799 0.521522 0.436352 0.511527
9 0.575541 0.430837 0.685131 0.440085 0.678612 0.476572 0.569022 0.467324
12 0.565096 0.270941 0.639102 0.270941 0.639102 0.322206 0.565096 0.322206
