0 0.380663 0.707105 0.451355 0.707105 0.451355 0.752591 0.380663 0.752591
6 0.559087 0.697237 0.637290 0.697237 0.637290 0.737733 0.559087 0.737733
4 0.520781 0.749130 0.591473 0.749130 0.591473 0.794605 0.520781 0.794605
3 0.429043 0.754990 0.499720 0.754990 0.499720 0.800466 0.429043 0.800466
2 0.341811 0.759808 0.412489 0.759808 0.412489 0.805294 0.341811 0.805294
1 0.469647 0.701579 0.540339 0.701579 0.540339 0.747065 0.469647 0.747065
8 0.327352 0.615285 0.443573 0.607171 0.448995 0.643855 0.332774 0.651968
7 0.450156 0.645866 0.574453 0.637942 0.580890 0.685632 0.456593 0.693556
5 0.325075 0.653984 0.449372 0.646059 0.455808 0.693739 0.331511 0.701663
9 0.446941 0.607551 0.563147 0.599439 0.568567 0.636113 0.452361 0.644225
12 0.383741 0.455142 0.467776 0.455142 0.467776 0.503360 0.383741 0.503360
