3 0.468454 0.731022 0.547128 0.731022 0.547128 0.781275 0.468454 0.781275
6 0.618056 0.685233 0.684831 0.685233 0.684831 0.731984 0.618056 0.731984
2 0.378660 0.732024 0.451841 0.732024 0.451841 0.778543 0.378660 0.778543
1 0.524050 0.684362 0.582960 0.684362 0.582960 0.726569 0.524050 0.726569
0 0.431532 0.684504 0.490442 0.684504 0.490442 0.726711 0.431532 0.726711
4 0.559293 0.733462 0.637968 0.733462 0.637968 0.783715 0.559293 0.783715
9 0.511959 0.587014 0.635994 0.587014 0.635994 0.622945 0.511959 0.622945
8 0.384124 0.587854 0.508159 0.587854 0.508159 0.623785 0.384124 0.623785
7 0.508203 0.624646 0.632239 0.624646 0.632239 0.673168 0.508203 0.673168
5 0.384742 0.624777 0.508778 0.624777 0.508778 0.673300 0.384742 0.673300
12 0.461193 0.436427 0.542253 0.436427 0.542253 0.487540 0.461193 0.487540
