9 0.472811 0.469496 0.620246 0.493635 0.605525 0.536101 0.458090 0.511962
5 0.305654 0.480759 0.453089 0.504898 0.428146 0.576852 0.280711 0.552713
7 0.452648 0.506852 0.600083 0.530991 0.575143 0.602935 0.427708 0.578796
0 0.324006 0.575233 0.400530 0.575233 0.400530 0.629808 0.324006 0.629808
1 0.430869 0.592105 0.507393 0.592105 0.507393 0.646680 0.430869 0.646680
6 0.537717 0.610466 0.614242 0.610466 0.614242 0.665040 0.537717 0.665040
2 0.237378 0.626832 0.323284 0.626832 0.323284 0.685385 0.237378 0.685385
3 0.345331 0.643704 0.431237 0.643704 0.431237 0.702247 0.345331 0.702247
4 0.457231 0.665486 0.543137 0.665486 0.543137 0.719119 0.457231 0.719119
12 0.479941 0.287470 0.559367 0.287470 0.559367 0.343532 0.479941 0.343532
8 0.319762 0.442978 0.467197 0.467117 0.452476 0.509582 0.305041 0.485444
