9 0.505685 0.612814 0.630898 0.612814 0.630898 0.648411 0.505685 0.648411
12 0.473829 0.447449 0.572504 0.447449 0.572504 0.502024 0.473829 0.502024
0 0.393225 0.717429 0.473829 0.717429 0.473829 0.759605 0.393225 0.759605
1 0.495493 0.715364 0.575552 0.715364 0.575552 0.757996 0.495493 0.757996
2 0.336068 0.767874 0.416745 0.767874 0.416745 0.816640 0.336068 0.816640
3 0.434124 0.764565 0.517747 0.764565 0.517747 0.815830 0.434124 0.815830
4 0.531591 0.761670 0.616421 0.761670 0.616421 0.815830 0.531591 0.815830
6 0.595361 0.709160 0.668763 0.709160 0.668763 0.757540 0.595361 0.757540
5 0.358321 0.652520 0.493682 0.652520 0.493682 0.702955 0.358321 0.702955
7 0.493387 0.650870 0.628748 0.650870 0.628748 0.701316 0.493387 0.701316
8 0.367585 0.614443 0.492798 0.614443 0.492798 0.650040 0.367585 0.650040
