12 0.498306 0.446984 0.588542 0.446984 0.588542 0.496184 0.498306 0.496184
5 0.410869 0.676017 0.563458 0.670337 0.567688 0.724014 0.415099 0.729693
7 0.565473 0.670649 0.710297 0.665259 0.714527 0.718936 0.569703 0.724326
8 0.403565 0.634842 0.556154 0.629163 0.559263 0.668609 0.406673 0.674289
9 0.563034 0.628142 0.715624 0.622463 0.718733 0.661919 0.566144 0.667598
0 0.480265 0.744251 0.553049 0.744251 0.553049 0.791802 0.480265 0.791802
1 0.587040 0.741164 0.659823 0.741164 0.659823 0.788704 0.587040 0.788704
6 0.694124 0.735374 0.766922 0.735374 0.766922 0.782915 0.694124 0.782915
2 0.419794 0.800698 0.515434 0.800698 0.515434 0.859423 0.419794 0.859423
3 0.525066 0.797591 0.620722 0.797591 0.620722 0.856316 0.525066 0.856316
4 0.631561 0.793047 0.727216 0.793047 0.727216 0.851771 0.631561 0.851771
