4 0.590707 0.701204 0.687732 0.701204 0.687732 0.756579 0.590707 0.756579
9 0.524006 0.534504 0.633152 0.534504 0.633152 0.575587 0.524006 0.575587
8 0.365464 0.542247 0.508409 0.542247 0.508409 0.588087 0.365464 0.588087
5 0.359874 0.598838 0.511762 0.586760 0.519713 0.633986 0.367825 0.646064
7 0.509094 0.587168 0.660982 0.575090 0.668933 0.622316 0.517045 0.634393
0 0.426112 0.659534 0.511870 0.659534 0.511870 0.704180 0.426112 0.704180
1 0.537865 0.648219 0.611502 0.648219 0.611502 0.698229 0.537865 0.698229
2 0.385390 0.716093 0.473756 0.716093 0.473756 0.772652 0.385390 0.772652
3 0.486745 0.709545 0.576848 0.709545 0.576848 0.763725 0.486745 0.763725
6 0.642680 0.636316 0.712857 0.636316 0.712857 0.685132 0.642680 0.685132
12 0.428351 0.364767 0.510677 0.364767 0.510677 0.417925 0.428351 0.417925
