12 0.412946 0.396275 0.488027 0.396275 0.488027 0.444899 0.412946 0.444899
5 0.323217 0.587170 0.446564 0.595332 0.439464 0.646009 0.316117 0.637846
7 0.449446 0.597428 0.571743 0.605373 0.564648 0.656955 0.442351 0.649010
8 0.331847 0.536076 0.455194 0.544239 0.448094 0.594915 0.324747 0.586753
9 0.462701 0.545722 0.586048 0.553885 0.578948 0.604561 0.455601 0.596399
0 0.363402 0.651964 0.427570 0.651964 0.427570 0.696073 0.363402 0.696073
1 0.459661 0.661974 0.523829 0.661974 0.523829 0.706073 0.459661 0.706073
6 0.552415 0.674372 0.616583 0.674372 0.616583 0.718472 0.552415 0.718472
2 0.311767 0.697449 0.388468 0.697449 0.388468 0.750850 0.311767 0.750850
3 0.401252 0.710374 0.477968 0.710374 0.477968 0.763785 0.401252 0.763785
4 0.499558 0.721407 0.572209 0.721407 0.572209 0.770648 0.499558 0.770648
