4 0.614035 0.593532 0.697673 0.593532 0.697673 0.646012 0.614035 0.646012
3 0.517187 0.601387 0.600810 0.601387 0.600810 0.653866 0.517187 0.653866
2 0.420928 0.608816 0.504551 0.608816 0.504551 0.661296 0.420928 0.661296
6 0.656760 0.541012 0.729558 0.541012 0.729558 0.584423 0.656760 0.584423
1 0.561105 0.548036 0.633888 0.548036 0.633888 0.591447 0.561105 0.591447
0 0.461561 0.554443 0.534359 0.554443 0.534359 0.597864 0.461561 0.597864
9 0.531010 0.449569 0.653078 0.441048 0.658607 0.478457 0.536540 0.486978
8 0.386792 0.461327 0.523848 0.451760 0.529379 0.489179 0.392323 0.498746
7 0.531451 0.488652 0.668521 0.479083 0.675574 0.526803 0.538504 0.536372
5 0.395221 0.498986 0.532277 0.489418 0.539330 0.537138 0.402274 0.546706
12 0.441708 0.294798 0.530751 0.294798 0.530751 0.343168 0.441708 0.343168
