12 0.446568 0.332045 0.506127 0.332045 0.506127 0.375455 0.446568 0.375455
5 0.381591 0.518927 0.488689 0.518927 0.488689 0.565233 0.381591 0.565233
7 0.489867 0.517277 0.596966 0.517277 0.596966 0.563583 0.489867 0.563583
8 0.380987 0.482996 0.488071 0.482996 0.488071 0.515617 0.380987 0.515617
9 0.493476 0.481528 0.600574 0.481528 0.600574 0.514160 0.493476 0.514160
0 0.423108 0.575152 0.481458 0.575152 0.481458 0.616913 0.423108 0.616913
1 0.505817 0.576609 0.564168 0.576609 0.564168 0.618360 0.505817 0.618360
6 0.588233 0.574949 0.646598 0.574949 0.646598 0.616711 0.588233 0.616711
2 0.377069 0.623735 0.451075 0.623735 0.451075 0.677065 0.377069 0.677065
3 0.461900 0.623735 0.532842 0.623735 0.532842 0.672065 0.461900 0.672065
4 0.542842 0.624180 0.613785 0.624180 0.613785 0.672500 0.542842 0.672500
