4 0.482857 0.749676 0.558660 0.749676 0.558660 0.802186 0.482857 0.802186
0 0.358925 0.690557 0.429912 0.690557 0.429912 0.737277 0.358925 0.737277
1 0.446156 0.693451 0.518954 0.693451 0.518954 0.742652 0.446156 0.742652
2 0.305390 0.742237 0.375773 0.742237 0.375773 0.795992 0.305390 0.795992
3 0.387806 0.744302 0.467820 0.744302 0.467820 0.800951 0.387806 0.800951
12 0.442548 0.418593 0.515317 0.418593 0.515317 0.470749 0.442548 0.470749
6 0.537010 0.698826 0.600781 0.698826 0.600781 0.743067 0.537010 0.743067
7 0.451257 0.623539 0.566910 0.630633 0.559582 0.687058 0.443930 0.679965
5 0.334850 0.616636 0.450503 0.623730 0.443176 0.680145 0.327524 0.673052
8 0.340194 0.578673 0.455846 0.585767 0.450999 0.623088 0.335347 0.615994
9 0.456939 0.586082 0.572591 0.593176 0.567744 0.630497 0.452092 0.623403
