12 0.503122 0.365941 0.595169 0.365941 0.595169 0.416802 0.503122 0.416802
5 0.431349 0.589437 0.577511 0.580118 0.584513 0.631991 0.438351 0.641309
7 0.578727 0.578688 0.724904 0.569369 0.731906 0.621241 0.585729 0.630560
8 0.424118 0.536522 0.570280 0.527203 0.577281 0.579076 0.431120 0.588394
9 0.575019 0.533478 0.721181 0.524159 0.727087 0.567909 0.580925 0.577227
0 0.492887 0.649575 0.571708 0.649575 0.571708 0.697945 0.492887 0.697945
1 0.598468 0.646478 0.677275 0.646478 0.677275 0.694858 0.598468 0.694858
6 0.698940 0.638623 0.777747 0.638623 0.777747 0.686994 0.698940 0.686994
2 0.442651 0.710982 0.538351 0.710982 0.538351 0.763451 0.442651 0.763451
3 0.543697 0.704383 0.639396 0.704383 0.639396 0.756852 0.543697 0.756852
4 0.650177 0.697348 0.745891 0.697348 0.745891 0.749828 0.650177 0.749828
