5 0.438799 0.645388 0.572433 0.626034 0.587195 0.674177 0.453561 0.693531
4 0.671915 0.725759 0.751870 0.725759 0.751870 0.777034 0.671915 0.777034
3 0.577467 0.741468 0.657423 0.741468 0.657423 0.792743 0.577467 0.792743
2 0.480280 0.754494 0.560236 0.754494 0.560236 0.805769 0.480280 0.805769
6 0.705287 0.662702 0.784698 0.662702 0.784698 0.709423 0.705287 0.709423
1 0.607820 0.680071 0.687231 0.680071 0.687231 0.726791 0.607820 0.726791
0 0.509146 0.694322 0.588557 0.694322 0.588557 0.741043 0.509146 0.741043
9 0.561708 0.586800 0.695341 0.567447 0.706878 0.605072 0.573245 0.624426
8 0.424346 0.606537 0.557979 0.587184 0.569513 0.624799 0.435880 0.644152
7 0.572128 0.626197 0.705761 0.606844 0.720523 0.654987 0.586890 0.674340
12 0.468247 0.422267 0.555479 0.422267 0.555479 0.473947 0.468247 0.473947
