4 0.696024 0.653674 0.786981 0.653674 0.786981 0.708745 0.696024 0.708745
6 0.743667 0.597611 0.820913 0.597611 0.820913 0.645243 0.743667 0.645243
5 0.480547 0.555846 0.618642 0.545704 0.626698 0.597514 0.488604 0.607656
7 0.617719 0.543913 0.755813 0.533771 0.763872 0.585591 0.625777 0.595733
8 0.470836 0.513859 0.608930 0.503717 0.615143 0.543671 0.477049 0.553814
9 0.609879 0.501035 0.747973 0.490893 0.754186 0.530847 0.616092 0.540990
3 0.597835 0.664099 0.683019 0.664099 0.683019 0.718674 0.597835 0.718674
2 0.501826 0.670051 0.581237 0.670051 0.581237 0.725617 0.501826 0.725617
1 0.642268 0.606781 0.722062 0.606781 0.722062 0.650415 0.642268 0.650415
0 0.537482 0.616781 0.623756 0.616781 0.623756 0.659646 0.537482 0.659646
12 0.532474 0.333856 0.630191 0.333856 0.630191 0.383877 0.532474 0.383877
