12 0.433652 0.431700 0.499838 0.431700 0.499838 0.479656 0.433652 0.479656
5 0.283753 0.600568 0.407015 0.621532 0.388236 0.673683 0.264973 0.652719
7 0.407302 0.621722 0.530564 0.642686 0.511785 0.694837 0.388522 0.673873
8 0.303222 0.548543 0.426485 0.569508 0.407705 0.621659 0.284443 0.600695
9 0.424632 0.583317 0.547894 0.604281 0.534043 0.642746 0.410780 0.621782
0 0.300103 0.672743 0.362062 0.672743 0.362062 0.715739 0.300103 0.715739
1 0.390663 0.689291 0.452622 0.689291 0.452622 0.732287 0.390663 0.732287
2 0.229426 0.716154 0.307585 0.716154 0.307585 0.764939 0.229426 0.764939
3 0.320589 0.733603 0.398748 0.733603 0.398748 0.776103 0.320589 0.776103
4 0.407835 0.747368 0.489057 0.747368 0.489057 0.794889 0.407835 0.794889
6 0.477261 0.704757 0.547128 0.704757 0.547128 0.745749 0.477261 0.745749
